branches
Mean: 9.859782272742883
Median: 3.0
StdDev: 39.17138619105233