commits
Mean: 403.26189086163674
Median: 107.0
StdDev: 1407.357440778647