forks
Mean: 74.05650949551838
Median: 14.0
StdDev: 469.134762075908