openPullRequests
Mean: 3.5861808441223944
Median: 1.0
StdDev: 13.928422154051924