releases
Mean: 17.779971839692298
Median: 7.0
StdDev: 59.019702215184616