size
Mean: 17389.014784161544
Median: 838.0
StdDev: 225132.82693979618