watchers
Mean: 20.072478450496238
Median: 7.0
StdDev: 79.57310904116926